21835
24149
21687
20644
21545
22829
22714
22010
21942
21315
22730
21751
23675
23437
22104
21499
22786
23365
21550
24022
23859
23401
22900
23809
24337
24174
22491
22793
25428
24035
24496
24340
22911
23254
24179
22808
23831
24021
25746
24983
25091
25019
25395
26338
25405
24993
26016
26404
27927
27879
27073
29546
30265
29767
30243
33975
33989
35100
38382
41088
43503
48176
51032
54246
55677
59084
62030
63924
65468
68781
69761
72839
75495
75818
76791
81493
79709
84526
84336
89586
88574
87978
89367
95137
96167
96416
95526
96567
98843
100367
99960
104466
97068
102965
104109
105513
106150
108674
106989
107885
108675
110945
112706
115841
118040
119443
117340
117914
120783
123218
123434
121442
118343
118126
114994
113727
115441
118535
115339
114628
114784
116792
121595
126392
124979
128619
125155
125496
123714
125015
128042
130438
130904
127360
127047
129130
128326
126855
128345
126509
126430
125703
131472
136359
131399
130494
134774
137635
133788
134345
134756
135837
138051
134934
140476
141985
140663
139844
142011
145762
146680
147406
145080
153136
158413
164774
167587
167557
168003
165646
167333
176300
179597
172915
171180
173728
174235
159216
157372
156169
155005
158714
159717
157832
156428
158347
159919
161629
157327
158374
164414
162984
166583
166607
166399
169480
166335
163745
164363
166458
169508
167816
174294
175750
179052
176440
175007
177789
178173
182481
182331
191453
190462
191134
188563
199603
200004
202491
208005
217532
225892
229426
225678
220581
204521
185482
168993
149350
136210
129065
122860
117015
118291
109507
107951
102819
98873
94995
96095
88586
88534
87465
83665
81264
79341
79078
78364
76936
73456
69926
65575
62671
60760
61216
60463
56955
56068
54404
54131
53849
53376
50226
52408
51825
52596
50806
49960
50334
47080
46557
47903
46445
45839
46364
44673
44592
43986
43385
43841
44663
44184
44294
42377
41070
37283
33151
26743
25855
24554
24359
24829
25831
23744
23674
23896
23138
21966
21999
21305
23988
22411
21422
21441
21217
20519
21440
20609
19823
20980
19208
19273
18884
19858
19490
19031
19692
18642
18664
20026
20335
19616
17855
18018
18153
18416
17644
18116
17760
18423
18679
18600
19031
19148
18481
18629
18489
18599
18658
19362
17913
17824
17658
18344
18243
18521
18378
18192
18078
17926
17000
16808
16280
17753
17688
18611
18017
18672
18431
18071
19501
19196
-1